T= 0.2
  INCISE= 4
283 0.763431 1.97749 -1.77636e-15 474 3.04176 5.59511 0 1023 5.69967 4.06117 1.77636e-15 54 6.01641 0.0351216 8.88178e-16
T= 0.4
  INCISE= 2
110 9.97632 8.56261 0 168 0.00106043 8.90607 0
