voxelType: 1
dimensions: 18 29 86
origin: -1.596110 -0.922600 -4.294200
voxelSize: 0.050000 0.050000 0.050000